0.4475 0.8125
0.056 0.110 0.271 0.436 0.462 0.488 0.495 0.505 0.516 0.526 0.530 0.536 0.530 0.522 0.528 0.534 0.528 0.523 0.541 0.557 0.558 0.558 0.581 0.606 0.616 0.627 0.613 0.595 0.612 0.631 0.649 0.672 0.663 0.655 0.673 0.693 0.691 0.688 0.679 0.665 0.684 0.702 0.706 0.714 0.710 0.710 0.738 0.766 0.762 0.758 0.759 0.760 0.780 0.794 0.798 0.801 0.811 0.819 0.821 0.823 0.829 0.839 0.849 0.861 0.858 0.858 0.865 0.870 0.878 0.889 0.897 0.909 0.913 0.918 0.914 0.911 0.917 0.925 0.937 0.951 0.944 0.937 0.933 0.929 0.938 0.951 0.960 0.963 0.958 0.954 0.954 0.957 0.968 0.978 0.962 0.949 0.946 0.953 0.947 0.952 0.962 0.970 0.984 1.000 0.994 0.994 0.981 0.970 0.968 0.968 0.974 0.979 0.967 0.964 0.952 0.947 0.946 0.953 0.955 0.963 0.962 0.957 0.950 0.941 0.936 0.925 0.923 0.922 0.934 0.941 0.958 0.964 0.958 0.941 0.924 0.903 0.895 0.887 0.911 0.929 0.744 0.554 0.320 0.086 0.051 0.017 0.012 
0.3950 0.4575
0.027 0.133 0.356 0.593 0.701 0.740 0.765 0.788 0.817 0.839 0.862 0.883 0.905 0.917 0.927 0.948 0.965 0.980 0.986 0.989 0.997 0.974 0.854 0.588 0.282 0.080 
0.4400 0.5175
0.020 0.082 0.245 0.504 0.701 0.758 0.778 0.789 0.800 0.802 0.810 0.821 0.826 0.831 0.842 0.863 0.878 0.877 0.878 0.887 0.908 0.931 0.950 0.976 1.000 0.979 0.856 0.594 0.298 0.126 0.050 0.018 
0.5025 0.5875
0.011 0.041 0.134 0.352 0.606 0.723 0.760 0.779 0.788 0.807 0.829 0.841 0.843 0.844 0.847 0.850 0.859 0.864 0.869 0.883 0.901 0.924 0.942 0.962 0.976 0.986 0.995 1.000 0.993 0.979 0.907 0.664 0.301 0.093 0.025 
0.5825 0.6325
0.027 0.135 0.389 0.664 0.848 0.900 0.920 0.933 0.940 0.947 0.952 0.966 0.982 0.990 0.992 1.000 0.969 0.759 0.437 0.134 0.031 
0.6225 0.6950
0.023 0.096 0.294 0.596 0.822 0.873 0.885 0.928 0.956 0.965 0.967 0.966 0.958 0.955 0.952 0.956 0.966 0.970 0.976 0.988 0.996 0.999 0.992 0.984 0.978 0.885 0.632 0.292 0.083 0.020 
0.6975 0.7500
0.019 0.100 0.347 0.623 0.854 0.953 0.978 0.988 0.989 0.994 1.000 0.999 0.990 0.987 0.981 0.977 0.945 0.846 0.616 0.360 0.139 0.030 
0.7600 0.9050
0.013 0.028 0.059 0.123 0.260 0.507 0.760 0.941 0.996 0.998 0.989 0.984 0.973 0.958 0.941 0.931 0.919 0.909 0.898 0.882 0.871 0.863 0.844 0.837 0.838 0.841 0.836 0.834 0.843 0.831 0.819 0.817 0.807 0.811 0.794 0.780 0.767 0.750 0.739 0.739 0.734 0.712 0.697 0.681 0.659 0.649 0.632 0.620 0.609 0.599 0.591 0.566 0.507 0.403 0.275 0.158 0.074 0.033 0.014 
0.8525 1.0475
0.011 0.031 0.108 0.314 0.572 0.789 0.952 0.987 0.992 0.993 1.000 0.997 0.983 0.971 0.952 0.933 0.922 0.911 0.900 0.892 0.879 0.865 0.851 0.841 0.827 0.808 0.794 0.774 0.760 0.747 0.726 0.709 0.689 0.662 0.641 0.621 0.597 0.575 0.552 0.531 0.512 0.494 0.474 0.454 0.438 0.421 0.406 0.390 0.377 0.364 0.350 0.337 0.327 0.317 0.305 0.295 0.282 0.271 0.261 0.251 0.243 0.236 0.228 0.218 0.209 0.199 0.188 0.179 0.169 0.159 0.148 0.138 0.125 0.110 0.092 0.071 0.050 0.033 0.020 
